cpu  23628237 3130116 20359635 861020614 110610 4844599 2167547 99710 0 0
cpu0 9303913 1062308 11014727 86781049 30685 2942574 1116810 30741 0 0
cpu1 4415739 916777 3676867 103183811 22286 1096294 772680 46429 0 0
cpu2 374796 46216 275262 114219596 3213 45619 15075 3257 0 0
cpu3 377341 40278 265258 114245398 3640 55511 4579 1467 0 0
cpu4 3880692 513559 2329749 107279498 23803 313635 128942 7350 0 0
cpu5 4401801 420622 2292789 106834851 23805 326769 127438 7494 0 0
cpu6 487548 66779 291923 114134918 1279 39038 1238 1716 0 0
cpu7 386403 63572 213057 114341489 1897 25155 781 1253 0 0
intr 2384117237 0 769320896 169883560 0 0 0 97512113 0 0 0 0 0 0 740420245 0 0 1 0 85387431 22548 0 0 0 0 0 4373 185716 0 0 3 0 0 0 0 0 0 0 192 0 0 0 0 0 2 0 92953284 6204738 1056672 0 432 0 0 0 0 0 1 0 0 0 0 0 0 0 0 0 0 0 0 0 0 0 0 0 0 0 0 0 0 0 0 0 0 0 0 0 0 0 0 0 0 0 0 0 0 0 0 0 0 0 0 0 0 0 0 0 0 0 0 0 0 0 0 0 0 0 0 0 0 0 0 0 0 0 0 0 0 0 0 0 0 0 0 0 0 0 0 0 0 0 0 0 0 0 0 0 0 0 0 0 0 0 0 0 0 0 0 0 0 0 0 0 0 0 0 0 0 0 0 0 0 0 0 0 0 0 0 0 0 0 0 0 0 0 0 0 0 0 0 0 0 0 0 0 5225751 0 2 0 36298 8601182 4657986 563789 912148 5269512 4859607 528119 587601 0 0 47552514 6146972 0 0 0 192 0 0 0 0 0 1343 6398 1719942 5 3020 5 0 0 2 0 0 15945 647696 0 2833218 0 0 0 0 45 3 2526850 2477945 0 0 0 2475 0 0 0 0 0 0 0 0 0 0 0 0 0 0 0 0 0 0 0 0 0 0 0 0 0 1134 23 1139 34281 340 1 0 1454570 523277 0 0 1 0 0 1 1 0 0 0 0 1 1 0 0 0 0 1 1 0 0 41954 0 109 1504363 123 0 0 1 1 0 0 0 0 0 0 2279199 13 0 0 0 1 30121 0 0 0 0 45918471 149667 0 0 0 0 19741215 0 0 10 2718216 1267853 0 1090 20354720 2803029 584257 0 0 25255839 0 0 43767 2188104 2314369 26960445 0 0 4619448 3824404 3955728 0 4819515 3073648 3158125 1538464 19412 4789184 0 0 0 0 0 0 0 0 0 0 0 0 175 0 0 0 0 72565 0 0 0 0 0 0 0 97153 44 6 0 62 2 0 0 0 0 0 36392 12776 133 132 0 0 24465807 759992 10329 23247456 85772241 280 6208 2 0 0 0 0 0 0 0 0 0 0 0 0 2 5537071
