cpu  23606806 3129853 20321748 860899084 110607 4843634 2167450 99703 0 0
cpu0 9303913 1062308 11014719 86758452 30685 2942518 1116738 30736 0 0
cpu1 4408517 916639 3664243 103181490 22284 1095887 772663 46428 0 0
cpu2 374796 46216 275262 114196805 3213 45618 15075 3257 0 0
cpu3 377341 40278 265258 114222611 3640 55507 4578 1467 0 0
cpu4 3873653 513520 2316979 107276816 23803 313392 128938 7350 0 0
cpu5 4394631 420536 2280304 106832077 23804 326520 127435 7494 0 0
cpu6 487548 66779 291923 114112129 1279 39035 1238 1716 0 0
cpu7 386403 63572 213057 114318699 1897 25153 781 1253 0 0
intr 2383227856 0 768770963 169825748 0 0 0 97496959 0 0 0 0 0 0 740202508 0 0 1 0 85382277 22548 0 0 0 0 0 4373 185716 0 0 3 0 0 0 0 0 0 0 192 0 0 0 0 0 2 0 92935180 6202870 1056468 0 432 0 0 0 0 0 1 0 0 0 0 0 0 0 0 0 0 0 0 0 0 0 0 0 0 0 0 0 0 0 0 0 0 0 0 0 0 0 0 0 0 0 0 0 0 0 0 0 0 0 0 0 0 0 0 0 0 0 0 0 0 0 0 0 0 0 0 0 0 0 0 0 0 0 0 0 0 0 0 0 0 0 0 0 0 0 0 0 0 0 0 0 0 0 0 0 0 0 0 0 0 0 0 0 0 0 0 0 0 0 0 0 0 0 0 0 0 0 0 0 0 0 0 0 0 0 0 0 0 0 0 0 0 0 0 0 0 0 0 0 0 0 0 0 5225381 0 2 0 36298 8601180 4656775 563789 912122 5269068 4859038 528119 587601 0 0 47551824 6140369 0 0 0 192 0 0 0 0 0 1343 6398 1719942 5 3020 5 0 0 2 0 0 15945 647659 0 2833218 0 0 0 0 45 3 2526850 2477945 0 0 0 2475 0 0 0 0 0 0 0 0 0 0 0 0 0 0 0 0 0 0 0 0 0 0 0 0 0 1134 23 1139 34281 340 1 0 1453127 523092 0 0 1 0 0 1 1 0 0 0 0 1 1 0 0 0 0 1 1 0 0 41954 0 109 1504181 123 0 0 1 1 0 0 0 0 0 0 2279000 13 0 0 0 1 30121 0 0 0 0 45918207 149667 0 0 0 0 19740542 0 0 10 2718012 1266828 0 1090 20353918 2802822 584247 0 0 25254444 0 0 43761 2188018 2314320 26960338 0 0 4619424 3824376 3955710 0 4819513 3073632 3158023 1538464 19412 4789177 0 0 0 0 0 0 0 0 0 0 0 0 175 0 0 0 0 72565 0 0 0 0 0 0 0 97153 44 6 0 62 2 0 0 0 0 0 36392 12776 133 132 0 0 24464944 759857 10329 23247341 85767135 280 6208 2 0 0 0 0 0 0 0 0 0 0 0 0 2 5536861
