cpu  23583076 3129440 20280746 860558059 110604 4841806 2167283 99670 0 0
cpu0 9303913 1062308 11014695 86707734 30685 2942346 1116631 30719 0 0
cpu1 4399207 916354 3649528 103156134 22281 1094842 772622 46415 0 0
cpu2 374796 46216 275262 114145708 3213 45615 15075 3256 0 0
cpu3 377341 40278 265257 114171522 3640 55499 4578 1467 0 0
cpu4 3866420 513469 2303676 107246690 23802 313110 128930 7348 0 0
cpu5 4387445 420460 2267345 106801628 23803 326217 127425 7492 0 0
cpu6 487548 66779 291923 114061035 1279 39028 1238 1716 0 0
cpu7 386403 63572 213057 114267604 1897 25146 781 1253 0 0
intr 2382125363 0 768185818 169748280 0 0 0 97464373 0 0 0 0 0 0 739897587 0 0 1 0 85373103 22548 0 0 0 0 0 4373 185716 0 0 3 0 0 0 0 0 0 0 192 0 0 0 0 0 2 0 92893206 6194441 1056046 0 432 0 0 0 0 0 1 0 0 0 0 0 0 0 0 0 0 0 0 0 0 0 0 0 0 0 0 0 0 0 0 0 0 0 0 0 0 0 0 0 0 0 0 0 0 0 0 0 0 0 0 0 0 0 0 0 0 0 0 0 0 0 0 0 0 0 0 0 0 0 0 0 0 0 0 0 0 0 0 0 0 0 0 0 0 0 0 0 0 0 0 0 0 0 0 0 0 0 0 0 0 0 0 0 0 0 0 0 0 0 0 0 0 0 0 0 0 0 0 0 0 0 0 0 0 0 0 0 0 0 0 0 0 0 0 0 0 0 0 0 0 0 0 0 5224819 0 2 0 36298 8601180 4655627 563789 912100 5268419 4858309 528119 587601 0 0 47550276 6127029 0 0 0 192 0 0 0 0 0 1343 6398 1719942 5 3020 5 0 0 2 0 0 15945 647582 0 2833218 0 0 0 0 45 3 2526850 2477945 0 0 0 2475 0 0 0 0 0 0 0 0 0 0 0 0 0 0 0 0 0 0 0 0 0 0 0 0 0 1134 23 1139 34281 340 1 0 1449884 522519 0 0 1 0 0 1 1 0 0 0 0 1 1 0 0 0 0 1 1 0 0 41954 0 109 1503769 123 0 0 1 1 0 0 0 0 0 0 2278797 13 0 0 0 1 30121 0 0 0 0 45917526 149667 0 0 0 0 19739265 0 0 10 2717584 1264276 0 1090 20353139 2802507 584240 0 0 25253358 0 0 43755 2187861 2314282 26960262 0 0 4619398 3824313 3955709 0 4819496 3073554 3158001 1538464 19412 4789175 0 0 0 0 0 0 0 0 0 0 0 0 175 0 0 0 0 72565 0 0 0 0 0 0 0 97153 44 6 0 62 2 0 0 0 0 0 36392 12776 133 132 0 0 24462615 759557 10329 23247083 85757777 280 6208 2 0 0 0 0 0 0 0 0 0 0 0 0 2 5536849
