cpu  23652665 3131195 20400354 861435262 110630 4846555 2167745 99751 0 0
cpu0 9303913 1062308 11014754 86841185 30685 2942755 1116927 30759 0 0
cpu1 4425475 917569 3691920 103216767 22291 1097422 772736 46445 0 0
cpu2 374796 46216 275262 114280134 3213 45623 15075 3257 0 0
cpu3 377341 40278 265261 114305918 3640 55526 4580 1468 0 0
cpu4 3887931 513669 2342976 107318982 23810 313925 128953 7351 0 0
cpu5 4409255 420800 2305198 106874798 23812 327090 127451 7496 0 0
cpu6 487548 66779 291923 114195451 1279 39047 1238 1716 0 0
cpu7 386403 63572 213057 114402023 1897 25163 781 1255 0 0
intr 2385317084 0 769953570 169966835 0 0 0 97550208 0 0 0 0 0 0 740757578 0 0 1 0 85398483 22548 0 0 0 0 0 4373 185716 0 0 3 0 0 0 0 0 0 0 192 0 0 0 0 0 2 0 92995190 6209323 1057156 0 432 0 0 0 0 0 1 0 0 0 0 0 0 0 0 0 0 0 0 0 0 0 0 0 0 0 0 0 0 0 0 0 0 0 0 0 0 0 0 0 0 0 0 0 0 0 0 0 0 0 0 0 0 0 0 0 0 0 0 0 0 0 0 0 0 0 0 0 0 0 0 0 0 0 0 0 0 0 0 0 0 0 0 0 0 0 0 0 0 0 0 0 0 0 0 0 0 0 0 0 0 0 0 0 0 0 0 0 0 0 0 0 0 0 0 0 0 0 0 0 0 0 0 0 0 0 0 0 0 0 0 0 0 0 0 0 0 0 0 0 0 0 0 0 5226757 0 2 0 36298 8601186 4664269 563789 912298 5271073 4863081 528119 587601 0 0 47554344 6155082 0 0 0 192 0 0 0 0 0 1343 6398 1719942 5 3020 5 0 0 2 0 0 15945 647752 0 2833218 0 0 0 0 45 3 2526850 2477945 0 0 0 2475 0 0 0 0 0 0 0 0 0 0 0 0 0 0 0 0 0 0 0 0 0 0 0 0 0 1134 23 1139 34281 340 1 0 1456723 523881 0 0 1 0 0 1 1 0 0 0 0 1 1 0 0 0 0 1 1 0 0 41954 0 109 1504849 123 0 0 1 1 0 0 0 0 0 0 2279405 13 0 0 0 1 30121 0 0 0 0 45919191 149667 0 0 0 0 19742686 0 0 10 2718780 1270660 0 1090 20355603 2803349 584282 0 0 25258034 0 0 43771 2188328 2314517 26960944 0 0 4619519 3824584 3955732 0 4819745 3073694 3158302 1538464 19412 4789187 0 0 0 0 0 0 0 0 0 0 0 0 175 0 0 0 0 72565 0 0 0 0 0 0 0 97153 44 6 0 62 2 0 0 0 0 0 36392 12776 133 132 0 0 24467765 760346 10329 23247761 85783371 280 6208 2 0 0 0 0 0 0 0 0 0 0 0 0 2 5537273
